0 0.341046659935508 0.18215067783342825 0.05115849990180417 0.06691292737631774
0 0.46386653639894104 0.14902781863216852 0.052716454722264314 0.06619534437251211
0 0.584133584603543 0.15193795992520037 0.0441454306199633 0.06975142589344294
0 0.6917142804470128 0.18738868718778737 0.048038045081343836 0.06756684338392897
0 0.7748853287498105 0.25663875289138743 0.05117213544042354 0.06925667737631773
0 0.8118535427436528 0.346516994982722 0.0480198643631848 0.06444184338392897
0 0.8026961904807166 0.4437421634617912 0.04252384328594587 0.059531508897248564
0 0.7482672448336386 0.5357824248304978 0.05197156615858276 0.07241351087441501
0 0.6557479467272325 0.5965700276059668 0.04486304810640611 0.05884575939154004
0 0.5376201154433392 0.6287206358186432 0.05348861436318479 0.06466467787060921
0 0.41341954616149845 0.6306571620160975 0.05354315651766246 0.07403967787060921
0 0.3042945310361879 0.5921451017497048 0.05273009026088378 0.06853909437251211
0 0.22267234719477075 0.5251751190499104 0.06141474385167998 0.08451426285158128
0 0.18650810909862742 0.4313587934604787 0.054283499901804165 0.06704026136870649
0 0.19020125654110354 0.33357520946808983 0.051203951697202224 0.07472542737631774
0 0.24615634075186307 0.24772128110318895 0.04961872579950315 0.07075551038012336