0 0.841071893838852 0.7246535142450359 0.05310509536109507 0.059692582541716985
0 0.8444277041052445 0.6156879500206847 0.049580847338261694 0.06886286465389269
0 0.787015746614321 0.8138111895052351 0.047859179847775477 0.06487472749876275
0 0.6835989279449715 0.8777741129564121 0.04923067885919252 0.06026911465389233
0 0.561402934370762 0.9017737777011614 0.05702593281352506 0.0793876068519765
0 0.42010943091072084 0.8779976837394837 0.05426834733826169 0.06910852611928178
0 0.2983325899982499 0.8357548727944929 0.06380251482874755 0.07350609905006031
0 0.2037111566904332 0.7520582242194024 0.05667576433445607 0.0707938568519765
0 0.15650855144350612 0.6459000774533343 0.053200595855386903 0.06203633254171699
0 0.16324402969467627 0.5433482875392425 0.05224293231923358 0.07679819538658705
0 0.2178267589344296 0.44798155585660826 0.053487097338261694 0.069067582541717
0 0.31414866060758484 0.3820876402073475 0.06589159684397003 0.06737892978275495
0 0.4432167366913082 0.35455021766068173 0.06361151384016442 0.06881859905006031
0 0.5731270711779886 0.36681560153645115 0.06668743429640003 0.08691017978275495
0 0.7031620810638203 0.42040534825709086 0.07171051532303921 0.0762592848257091
0 0.7981018493526091 0.5119144968321813 0.06305309832684483 0.07424640547249553