0 0.8389236445377541 0.7008845870325005 0.05180224855225788 0.057474260380123356
0 0.8426051085581087 0.5957660055115696 0.04833264619489306 0.06669009288963731
0 0.7876030471427878 0.7876869086675995 0.04658820967712849 0.06272017589344295
0 0.6876437425518926 0.8514536369187697 0.0487136358558109 0.0581281763877346
0 0.569458822783351 0.8754893617098988 0.055800543837528235 0.07635159437251211
0 0.4320123267122925 0.8542934995428894 0.052983758891340216 0.06609984387822081
0 0.3132237853559636 0.8151434748283102 0.06175944540910479 0.07035626235728962
0 0.2213401923042237 0.7342025395433269 0.05540028349844599 0.06775784437251212
0 0.1752763674494488 0.6325153641441756 0.051875023159363834 0.05903676038012336
0 0.18073865529112104 0.5321479496194391 0.05100388192686944 0.07381684338392898
0 0.23336704156121665 0.4399405449805345 0.05220250889134022 0.06606801038012336
0 0.32625870884855895 0.37510606524648954 0.06459334698068134 0.06423359634967837
0 0.45125655479578297 0.34666934193823523 0.062322371587787195 0.0657005958553869
0 0.5772561286171005 0.3564820351318837 0.06550302956950453 0.08376484634967847
0 0.7044029795267234 0.4076691448274351 0.07046235731976366 0.0730501808363588
0 0.7965776710068868 0.4948600801124181 0.06179583271265763 0.07113751235728963