0 0.19609375 0.340625 0.04609375 0.0515625
0 0.1890625 0.4390625 0.0421875 0.06015625
0 0.2484375 0.2578125 0.040625 0.05703125
0 0.34453125 0.19453125 0.04296875 0.05234375
0 0.45625 0.1671875 0.04921875 0.06953125
0 0.58359375 0.18203125 0.046875 0.059375
0 0.6921875 0.2140625 0.0546875 0.0640625
0 0.775 0.2859375 0.0484375 0.06171875
0 0.81328125 0.3796875 0.04609375 0.053125
0 0.803125 0.4734375 0.04453125 0.0671875
0 0.75078125 0.56171875 0.0453125 0.059375
0 0.6609375 0.62578125 0.0578125 0.0578125
0 0.54296875 0.65703125 0.05546875 0.059375
0 0.42578125 0.65234375 0.05703125 0.07578125
0 0.309375 0.609375 0.0625 0.065625
0 0.22734375 0.53125 0.0546875 0.0640625