0 0.27990515654170894 0.8419356980426344 0.05755251482874764 0.07094884667409077
0 0.4107267336140155 0.8731595207272246 0.05908318133065045 0.07018577800763595
0 0.5415138185949875 0.8668651620782691 0.049867348821136484 0.0739829400063634
0 0.6589214944884304 0.824460580760632 0.054427514828747546 0.07091248400699968
0 0.7519485942981501 0.7473810074394951 0.0576480153230392 0.07329259667409058
0 0.7973976985564939 0.6486440627784493 0.05430018083635879 0.06778748400699967
0 0.7922565538034209 0.5446287247771767 0.04785917984777566 0.06302725867281786
0 0.7376101575674732 0.4470719247692225 0.05933784931542796 0.07643577800763594
0 0.6409062539171517 0.3841986600890868 0.05013926285158128 0.061492030673136
0 0.5139590933467479 0.35380154073836034 0.05980076433445589 0.06863236867440872
0 0.3810192593543591 0.3553811273869975 0.06021459980971962 0.07878861867440871
0 0.2603910829666246 0.4000930960375437 0.059146848326844824 0.07174827800763595
0 0.16902198365119658 0.47484710069222613 0.06922218528498307 0.08904486600890867
0 0.12575746190236675 0.57751756735359 0.0606456813306504 0.07020395934118148
0 0.1245849396592453 0.6830226800206809 0.05865209980971957 0.07877043734086335
0 0.1802990873780678 0.7735573206954077 0.05614918231923358 0.07483691534054522