0 0.34375 0.19765625 0.05 0.06484375
0 0.46484375 0.1703125 0.0515625 0.0640625
0 0.58515625 0.17734375 0.04296875 0.0671875
0 0.6921875 0.2171875 0.04765625 0.06484375
0 0.775 0.28984375 0.05 0.06640625
0 0.8125 0.38046875 0.04765625 0.06171875
0 0.80390625 0.47734375 0.0421875 0.05703125
0 0.75 0.565625 0.0515625 0.06953125
0 0.65859375 0.62265625 0.04375 0.05625
0 0.540625 0.65 0.053125 0.0625
0 0.41796875 0.646875 0.053125 0.071875
0 0.30859375 0.60390625 0.05234375 0.065625
0 0.22734375 0.534375 0.06015625 0.08125
0 0.19140625 0.4390625 0.053125 0.0640625
0 0.19375 0.3421875 0.05078125 0.071875
0 0.24921875 0.259375 0.04921875 0.06875